5000
748615 346828
588681 757459
450834 502928
580296 582480
320457 355825
246014 492036
745532 828010
556281 807477
485654 316298
327188 879932
478547 809828
387962 599446
274141 315270
834401 579510
776146 319639
331086 821309
929187 348953
841635 67547
177398 708389
359198 324354
503708 701272
445797 694113
97612 472970
451143 143641
930635 872676
1760 413574
392077 562448
398646 963715
392076 95940
540547 593705
75744 84870
828766 75010
169310 192333
41902 159262
40584 263579
187933 42102
796986 880121
872761 713508
464871 531038
492240 765702
906502 580923
653227 173731
220997 597535
955103 184370
2528 794052
561012 559388
201284 504808
761852 586817
901702 91890
846449 412447
89458 429458
145883 440187
272818 930820
990887 667376
567917 791940
931058 881785
826080 381470
240419 232515
773574 906670
396559 531144
512262 67913
650685 200562
985910 495921
155001 979668
835048 348916
322395 611093
371074 85921
432395 828309
332725 419831
16591 719929
855709 751877
855200 491594
114054 790329
594721 323667
405772 681942
7578 756216
808623 615059
897672 705004
89400 608829
608699 332004
917931 40879
338137 40711
869052 47789
245132 630381
922102 21617
337722 651094
89143 169260
410404 484325
363927 3344
191090 80003
37511 460370
175426 58327
868325 508027
545573 992016
589206 198195
363536 548805
609138 336515
702241 438573
617179 155524
435135 144881
729268 68136
394412 182198
168397 501725
376005 771568
710286 666876
952664 588518
656251 270238
545073 658298
319374 373700
115457 313709
287562 481564
615163 449502
269621 498856
671285 864690
872495 703218
514716 941460
231195 353487
837427 151823
981497 875789
570213 144385
641733 512817
35574 284088
947139 596367
720712 953841
410969 453447
993074 937413
22386 336368
965694 4443
974963 374330
683701 96065
236347 976119
850003 264882
797300 506001
935126 774900
437308 199559
579401 840322
775756 584733
433471 239652
932474 955780
665054 179716
494548 259189
448935 904809
692475 735993
88418 931000
543398 206392
344859 312775
807090 60782
902021 159711
497438 133497
405889 463210
350879 924687
432472 316245
61642 380967
375458 694028
212888 847910
782113 887514
640367 406694
43227 697313
350931 662472
75349 68560
127460 501665
38498 230252
951873 820894
52291 249049
810451 431922
515427 834956
79189 749616
229240 809229
290311 525826
715857 762720
823863 605807
740962 96780
862493 679575
266319 423492
767571 916941
479091 459328
348127 392404
955184 389363
443380 572423
399175 59000
117007 741523
125134 710581
455082 277091
462841 667339
232103 119586
495067 600268
757288 142801
15377 887472
307123 757980
124519 301457
925560 93919
497848 902823
481881 659357
75926 911655
437596 446585
835977 461981
787651 89468
374730 382446
465476 507721
681151 527605
580642 441628
774411 973258
340391 829374
328074 617300
11277 911740
397867 915421
73572 623264
27934 172185
835726 276029
854123 590676
993608 895657
255226 277469
272759 557555
828813 751200
823202 395695
383418 113304
843118 416026
444150 833264
532156 427924
324341 174896
365374 585955
577118 971524
168739 239827
87346 363363
614762 690111
71050 121859
588438 822959
121906 911803
84470 942346
17965 380361
570481 757127
259437 90603
640394 503087
596666 552187
689586 330432
967504 967858
991229 869789
831592 26770
948041 361331
515488 131632
484366 585368
55340 692373
626867 585943
84622 369988
377437 849390
865067 892743
322891 299307
891148 139341
486957 747423
435911 655663
566022 750241
667361 980462
507399 321049
208030 952586
460545 405580
343193 51302
641895 603582
501978 939482
522586 492475
447867 722430
450366 591217
505465 898455
567569 194139
428685 825221
502159 142463
75223 559729
181417 437159
962198 783966
180428 515709
679312 326947
924986 867673
37691 650319
803827 832872
889040 62116
128265 577321
126778 490603
780165 82989
650934 823402
491463 740575
750802 377198
440885 317222
374 617584
946818 249578
211992 883779
814741 298425
155651 335092
271350 482630
28972 969153
839071 450460
200551 110960
820151 573870
834292 944919
80089 147433
903085 849313
23985 459202
689167 58963
722083 737567
887218 582661
477839 588755
51201 231467
16350 726732
569117 425395
615687 460392
365052 799578
223340 913787
605754 525934
856592 836521
457235 766163
518418 125658
466441 68541
847574 342216
116082 744903
102792 525359
535215 584635
824825 103104
161597 159491
396836 957935
188560 586797
119356 596720
730103 297561
266146 881750
777719 116060
426431 736606
882508 105210
278022 24915
90686 768260
562318 204862
846295 60972
179255 797518
975931 156477
69634 644356
505224 542246
877067 242191
305070 568629
80032 167196
862127 461614
559305 786987
342775 978404
621604 194321
303313 764449
985270 901350
662738 555925
108750 260575
838351 13409
543721 774094
534531 45087
301561 155406
388349 198728
254986 873040
98297 570640
409213 656846
931829 255209
937170 612675
696797 644160
394677 890894
418822 807693
938463 860890
443875 861232
263146 599012
433852 983899
440075 666055
874238 348210
914943 691548
82442 575389
796937 175250
412071 523241
48212 169447
361872 886186
705965 776889
594594 443719
183370 796005
279778 99902
40307 152128
334656 131939
410789 585143
236886 959236
416127 132113
30735 78552
662703 487122
565617 581210
676073 478175
24183 141669
559538 268077
91493 8313
826550 841317
44881 956923
248712 345306
261176 146395
410114 884722
614955 477201
351394 934980
507213 222117
39363 398147
715404 960924
628630 779209
590649 412744
205188 823097
302976 231012
351812 733346
781103 838114
69770 507230
850787 202040
766351 383850
212839 180586
140219 186641
978772 819365
865953 723413
950260 38181
819104 644847
180475 533442
828225 759873
391717 188935
429047 557171
282188 907080
469015 90691
291976 943591
252586 403856
450111 40122
560167 243124
376255 888017
241001 962437
761750 86828
777585 123888
329715 155467
263175 285672
191867 553729
955881 760513
644662 880821
467409 292327
714998 190556
359724 186921
69517 658229
318777 626065
670885 81153
704843 172148
904929 8149
49503 269194
644433 322701
100414 663360
203642 508658
10145 302066
199140 848442
101196 390966
696131 3997
316355 921066
997504 128253
183635 621728
838266 345078
145588 25544
817233 616278
555007 50298
943958 347404
818761 937607
318808 399436
71991 269290
292553 582037
464985 215752
447514 845426
661338 892778
984928 361812
298262 885969
750064 524620
853918 416208
371746 491111
901761 584669
788837 358041
570740 803912
21092 431669
787811 791702
885475 33251
714535 900604
8104 221589
2106 275196
956958 856954
859495 884524
742398 813709
325219 301181
988843 721537
60723 86079
131176 795478
436716 87046
806564 162464
278132 994569
411262 884127
681434 894770
147113 408716
701840 109003
123497 803019
647266 216080
166993 388793
641273 968082
762301 500705
559155 356071
183780 971407
784505 803087
696085 237398
519837 222399
435611 272434
772599 741150
660606 500665
856490 462190
564743 468855
280797 902730
125597 180732
598925 41610
753401 516695
156211 651373
20482 38445
714744 151943
4846 622672
555346 169193
11680 528713
232261 280347
386115 952201
503192 543472
46481 349250
374057 888842
604869 638165
500468 365365
931982 884623
107988 165063
79338 986196
81751 911183
504430 424950
805639 218825
71624 972547
200710 545873
96047 972813
497872 52521
58554 834552
929719 137531
25076 460182
536673 850143
98594 730543
300383 759180
251374 204926
3625 121033
184 106227
374702 385528
666031 963464
188240 518998
564011 564429
909757 709211
322754 666673
994049 256885
749863 334984
989417 465839
67185 544565
323905 12866
712931 162196
800161 207849
43304 440494
219293 851352
566667 293877
467711 275388
751537 59864
768176 875797
187696 595257
502573 279585
25426 314849
308636 245794
420662 101778
831841 562824
972439 607722
297205 657769
88678 45638
203514 344670
947312 679510
575326 805086
654387 72093
852146 876077
651790 296082
677420 60507
777245 390516
892514 900441
806422 258812
659684 559857
664384 355107
399546 334738
143260 446145
792477 366231
719899 206303
160641 584578
881107 294672
581814 474460
599052 928876
995194 432003
324342 715654
472230 802037
685124 37383
166040 367435
743479 937283
403614 542300
565542 18601
631897 546745
981388 248382
757443 156751
119871 187901
605305 72309
206836 146020
676411 861793
738930 409568
390558 432554
641750 794708
278438 563475
692248 776955
825390 738140
927323 290022
780954 31178
365991 561815
750916 895884
841948 669065
878210 722779
289378 225641
391266 575182
461726 185568
132744 164870
269124 397928
322585 3635
758603 334696
639551 666737
720766 676669
561860 27870
60875 140002
339123 491682
193835 418526
156487 262682
260523 394313
391468 968207
641992 441816
879544 841548
506547 697553
707049 620557
84456 92312
291385 905256
393609 941739
21683 923493
311520 836828
298366 373708
265175 897202
726158 179870
218070 836855
48006 31491
487810 968169
293989 399182
510091 393185
511997 124444
32987 880574
63075 79925
344748 582682
683425 414176
402297 449213
396890 142412
745016 700742
925729 872358
93325 417825
517857 80167
181671 980677
20288 239872
19 105423
199837 475661
102523 535397
963399 904398
632823 530863
348026 937335
643479 40488
268753 859834
124391 406822
892539 346204
939640 392440
384884 184229
6384 932483
563733 35713
676805 417854
2710 149845
675484 865135
921278 541893
771465 626228
45333 110423
829117 279352
187181 963209
948147 84496
418166 882973
112386 337646
842145 909879
418345 699061
7447 296504
421745 34744
972125 891408
454503 789233
104303 680859
104683 858637
179964 581767
606332 954319
149229 340578
897200 923557
991378 99752
601592 13697
1494 930168
937931 800467
27882 955087
595511 940668
767058 169587
167046 691408
887917 556876
432447 671353
871606 829882
21322 98182
131423 915644
89292 96897
899859 368820
377448 272783
432591 86790
686703 109840
676028 302027
406281 442345
713100 939646
205154 208090
973764 469842
577209 780397
656026 818072
34842 137227
840766 995176
629232 749555
204949 213490
551356 40002
116195 546649
436074 883711
125340 983110
815643 472213
734455 664361
237893 219708
198331 261666
528967 91266
675625 789286
743585 611166
408363 865780
419538 446405
344465 375698
20943 207698
347035 916548
559952 639502
811162 626918
276434 878995
51448 664951
672059 974863
497504 292111
175804 305268
379138 842289
117741 546322
405907 401677
606077 860951
139092 657021
549282 349057
120734 923770
291737 567940
818452 784264
935956 607604
849487 71996
799177 207442
989332 581948
826421 116593
59401 696777
419301 475543
654905 409976
816616 451739
223955 450942
71851 571071
866552 146915
441027 659637
151873 815108
423535 807607
530152 285228
598078 591482
99934 778281
795127 180006
170347 871398
487063 665362
772570 523845
937188 256147
355617 906771
503697 141481
8612 486928
622424 397473
509691 772241
262584 213924
491127 610797
883573 625882
237076 738301
679430 337934
698935 635807
4517 231158
151391 640886
458059 822362
717456 539602
285454 555188
157113 197616
191990 847279
40518 49723
458588 10694
670982 758351
411285 712631
101583 316750
312488 429821
717803 764789
890129 326238
699931 43249
230753 552355
329711 795107
370420 289459
160846 375219
761471 411262
784200 128680
579554 982031
210966 883940
114599 708669
331088 914267
858028 13756
305664 136727
753090 409455
830928 587806
922136 626945
168998 628130
751957 432022
564032 396207
840571 144863
159334 927991
70865 121339
365081 230747
595382 463130
315477 700801
289849 145101
181763 682987
706558 426828
779742 903344
202923 769331
145825 825502
318675 295905
675791 75957
707834 508250
62545 25830
377048 961454
134785 384093
559362 114402
566774 140903
173824 807289
869334 228508
283744 102252
461961 525000
572323 496667
276069 31796
349282 279631
223191 706150
309280 458481
232513 373136
717765 141267
611706 390085
646073 193981
251782 430804
408239 551431
205439 660115
976873 271588
78988 29874
652527 130968
303435 93597
127916 636054
496509 140077
436241 691181
290302 672394
110348 203621
915031 220208
741375 787757
282542 329258
97698 801222
427165 516349
449598 418734
868301 787302
688504 845336
545846 719903
871482 90555
308569 451125
321222 389674
872986 660236
854495 963617
938192 752400
675437 625325
901905 741443
248066 193893
687940 647276
590349 911941
816012 549670
235000 636181
220142 979078
551157 477822
401151 583719
21181 344311
406087 809822
967756 305336
320484 590654
885523 703021
280983 261753
938265 657234
739066 948955
303298 11450
826966 283979
362690 140898
331142 186293
338664 377147
592799 967834
179870 795630
78273 700143
34525 133341
982233 19273
132127 369379
255460 172633
572017 986691
724898 205142
623878 968711
572760 365426
869418 107866
777436 677644
252324 128192
408096 739375
282431 147618
596168 449082
860243 153257
261397 10050
604074 506612
759829 980901
671247 386530
206062 462417
934099 465535
921004 708999
390938 481997
817561 281746
723472 258708
43655 218640
573036 917544
364328 940361
45072 187651
435046 856799
111848 307970
392869 401846
632398 699490
298797 410455
753774 675577
144069 971239
551103 709398
802470 345256
555341 825520
818465 318369
787925 971721
847944 747272
609472 937375
216441 775836
427314 21902
520154 566908
113613 487515
764864 758920
751719 616551
441795 949220
97409 69328
881268 665424
199280 137094
463553 34891
712413 938158
289838 808314
459503 587840
410974 824409
774912 189341
9919 39945
637965 340982
172726 349507
648943 637390
538753 831376
960304 605636
439146 379204
926426 980398
452875 245575
131623 988011
654897 841000
846254 847992
499819 739717
441847 316028
280350 533410
613948 303265
493157 516228
864649 240081
564127 979700
411425 888250
567470 592047
447155 356415
997512 340158
77906 264260
764797 336465
693016 209269
912949 955306
699089 764059
841647 659830
847013 834133
217229 17150
587299 863491
124451 285551
994848 450246
235495 820776
951169 871426
521202 165706
780685 683279
448585 38825
69941 447219
888742 986394
41712 399106
649340 527837
724453 834440
565443 192204
174082 121568
597694 179084
72460 216606
874303 260472
64278 25985
882532 504698
662704 627246
374398 249532
43329 307985
987645 427427
953410 306980
419456 254582
854544 157580
63573 289503
835 155704
698672 404334
460851 964855
721463 633810
918686 961208
155449 127498
915469 139227
547737 946457
95474 581931
435392 995851
852006 777682
660356 310212
702219 562782
892603 830305
412440 829190
553589 447273
163379 853755
624241 722150
467232 459832
860629 92024
634926 957529
659985 421390
474092 57726
624923 637517
272703 144563
865582 775409
623347 768409
232139 299766
788713 254342
861770 842873
99721 811150
530583 472058
553904 134823
391571 639895
222208 153629
832871 135579
26332 771978
320847 341131
605229 437906
501901 336346
16404 213051
857928 43192
49364 966238
33086 741901
354915 12938
932660 56207
58578 916357
590384 734327
545431 308513
157689 42501
580548 967007
427521 725337
833386 485217
574860 558314
291703 142559
93163 373313
600736 783703
941613 340877
375355 904812
536528 711339
645920 713445
796643 799545
72474 944393
637988 405635
82191 114285
316019 76704
912756 592462
889406 652480
795063 217706
467576 530451
299583 829048
302859 636354
861202 546152
573161 114397
269998 400185
223561 425369
426322 856486
987732 606647
728854 681134
151863 390299
134240 814654
535915 791923
638155 653627
543634 164967
639101 43272
814620 710220
386974 112433
647463 670191
117002 764055
862071 789947
193954 365434
865867 295180
427511 849320
133727 464604
204126 379772
67984 414114
299037 361539
196193 693816
134178 660949
937956 418722
556149 26494
183034 40093
916720 59827
47233 550886
529905 445732
12644 273324
647996 61156
596376 434494
658440 191347
292596 271372
613086 926915
756695 958787
781712 832482
797240 401019
607814 595706
201998 301722
394080 900330
671429 822063
933493 148716
809470 248806
889050 71020
782023 65532
491472 257509
927405 288898
592562 540898
951050 296068
610582 758154
888368 675269
367754 556053
634743 640746
21826 488593
590724 457396
463294 504067
888049 605799
174107 468603
995620 754103
549298 188106
95777 247772
319851 211188
603395 437483
581342 736860
295275 755038
883686 562648
828748 260074
687000 717378
5626 120720
269024 575456
627963 530046
787337 685066
829677 574387
132769 137169
737015 713093
898260 323072
703524 465987
8859 876496
144514 576719
99155 908202
746089 839686
120830 548199
917262 354302
475463 552273
572337 522392
110405 300942
98133 497252
993125 478603
178491 200768
160731 615212
59080 277906
709783 621919
358793 765645
567079 885438
934434 329026
902614 153003
650671 875054
458446 493934
102288 984167
378800 205800
953128 838714
614718 296955
134376 112742
298137 851156
754125 257744
636080 728983
475577 662501
884314 754368
828385 381029
1782 708229
63244 371114
215790 848112
620082 344980
579914 717226
521397 218740
947236 648802
987801 512332
465716 29171
457260 414272
812223 130908
880107 237360
365540 370533
73547 47774
60476 631218
893218 567354
953437 882519
459939 689511
847600 518928
35085 703203
922018 439788
520817 173176
625808 585980
922397 297126
860285 402752
162508 248128
996319 810549
382188 401208
813963 140347
361313 144164
128529 938453
636764 95224
988556 820962
92871 813833
627083 192454
284727 167852
737639 213496
691206 226018
269560 921826
896772 229843
989957 185887
834851 144011
953340 806011
759743 378866
226122 475125
354500 154245
708771 729133
26824 223180
382270 223102
729984 626609
740712 434995
33667 203538
416921 170360
956018 519882
498777 668752
267600 357805
145338 261426
910930 657764
429340 329312
386267 410464
286141 471868
159818 747999
184709 849974
464638 878478
303635 170330
122067 128035
559406 764458
767901 245000
685076 397273
87555 848533
925079 767641
800374 160966
713326 387317
920744 399120
959257 498207
269305 319830
148984 56793
781816 315721
402832 814107
386069 72852
38850 235646
327055 975021
343249 5743
858198 798402
128761 511638
994711 148289
639136 984835
535960 48275
903898 663322
672208 15299
777472 523009
232263 718224
846525 497830
647631 771362
738910 232450
815066 454027
499655 359620
19735 330210
132838 604861
602570 251540
316248 666010
880035 627745
72283 558833
291444 513081
241723 46872
33757 302603
954713 472035
702574 299630
733559 178959
867525 87298
451712 387642
263840 805571
177525 576059
696653 800496
136932 833060
681364 10599
83681 597544
275847 212081
255015 885300
682518 287822
423060 558822
571115 620595
9780 850543
758138 377031
677300 376656
319795 857810
704520 103825
112261 579408
160758 588071
366831 386658
26135 571760
526942 612680
970479 763543
385624 370209
471191 59939
494326 232551
375064 530497
567315 315848
545785 175667
134262 780304
606350 579191
328055 409643
694984 725789
17591 164345
776501 567056
646204 158879
419864 670903
351229 261932
410164 107138
292182 789462
903372 701324
858043 749139
259252 499858
293331 115978
991183 250820
370723 752480
388149 511347
776867 939173
168429 327066
120178 713510
256389 924357
913857 23523
492597 279224
371851 445072
492122 720586
361619 800748
481457 783978
28923 53006
349490 733794
883108 949631
943687 306262
211343 260104
905526 478978
246586 167987
971900 718435
456025 724985
185670 432219
146687 955274
511501 596628
86908 161889
940867 718036
386922 11050
238943 54160
167679 159089
418771 41787
779045 529235
979656 837599
602381 180371
170792 915383
366965 273548
567721 75973
461573 825035
496325 360519
635231 886579
156793 134630
19086 700641
900653 512272
377756 539000
965323 481480
112139 877616
57515 687197
655491 490593
717611 414740
134167 690867
705430 284292
835215 155402
628223 468874
789160 548142
984325 52639
495301 902133
731004 286609
483776 658169
518264 329487
83255 597201
395794 113049
837575 89072
970038 278118
379609 424927
943429 238743
770734 342825
905976 57235
36902 971955
35797 463405
914706 615285
556478 964253
109465 18827
665627 202581
61855 322236
974027 677816
517244 986604
158360 767673
302035 499362
90399 455927
595950 624035
564071 506310
392313 529594
528052 289071
286233 366335
496892 95945
301829 893174
884910 579372
848961 135590
732299 816930
791006 795932
316936 499850
790091 330513
900465 698512
122394 291178
126899 34515
656731 664608
885956 861816
634131 108475
672155 454488
769975 228758
199026 954921
169607 174452
605637 335748
144003 71424
629040 596742
326939 493705
766879 396214
360859 971555
224985 283651
730685 694461
818893 912292
509346 196171
825052 561727
845081 549895
423373 679177
947234 749264
319861 840092
466649 39206
299244 654112
86401 954707
817930 835675
401548 277519
406505 825242
454608 703788
95580 173699
449102 640907
495319 793209
341925 901116
261449 960978
987509 117534
266628 71586
57156 662771
276500 964175
951289 48874
143617 36422
149393 999973
286737 473391
225065 333440
530301 586516
155530 504930
334043 52072
123545 540729
745384 656055
355320 721605
53055 29556
554313 899801
112042 42673
629765 388637
28599 900199
861662 820092
671795 815475
774389 737486
172372 209891
359286 107296
162522 183921
791809 280341
591243 461933
415912 389951
463764 363237
493617 492053
26805 562546
967058 463150
899384 537130
805926 275790
71696 133097
710075 152215
266649 292056
187939 304062
301455 932145
868748 311721
764349 356626
219648 944270
583634 181144
533894 304737
273555 612640
591656 339899
24480 457182
773080 592125
960502 473989
210579 672350
983194 592410
920468 960895
179829 586792
6783 172355
983845 804901
929564 840554
755859 408172
202272 120313
969155 323363
940808 326311
596147 67045
12400 450775
380609 25765
655748 494275
326271 207729
453253 140312
706857 509843
20350 829121
861761 834343
119093 949816
861433 904892
261724 71419
548400 756189
755841 611855
68403 74514
812679 839980
290895 823500
911743 477772
125674 439816
474661 854990
932552 346093
848844 20404
472493 578867
915710 977870
721850 569317
969967 596099
723687 578938
373273 615603
688849 193805
220345 950038
22495 845203
595222 164326
341047 810051
778613 344089
959459 751243
214457 418383
970596 987976
781124 658331
580698 830049
257195 514648
317438 822112
543641 893513
486244 396369
624943 741573
50808 9423
641451 347466
249906 890901
528766 471555
436049 223071
140179 740889
70953 408512
191418 706418
192125 357817
362695 284219
691506 530234
794522 935841
118888 532350
212661 23662
536394 645989
767447 28256
986704 463211
655556 318035
481355 542448
753126 894117
962554 154174
724878 610158
716429 13511
456715 115298
192286 397776
882474 178513
114428 32225
180653 757893
456188 321211
591094 684008
678876 334091
278672 107943
941447 3628
546706 116430
981548 26265
425725 226623
157902 429437
633328 7863
142310 206501
576456 935895
790647 290602
282021 576014
626639 754755
579936 547054
216528 435718
73299 493778
876470 143418
654566 190224
799103 400225
924948 363541
909738 629901
750766 572044
353735 534911
637463 216858
225407 790883
852101 532231
552234 23365
952034 525591
660402 396756
51164 53234
251539 805397
405086 6595
370267 643770
770664 667674
238848 757897
781619 944374
675669 669379
530702 888102
347429 675475
792469 326709
901629 68026
533371 965748
385967 386474
480296 811317
384897 800808
564799 815711
283158 615610
940625 708990
291 143306
796574 853796
252097 198974
956911 645861
599023 572557
179765 984756
150214 231512
393047 585377
257518 975812
486491 327368
997991 627704
703900 755653
274329 929300
870804 217346
655776 82876
991587 204171
740087 183243
989825 636237
508066 947388
651614 527586
576842 755395
338317 256515
667737 672072
480611 535151
658621 401544
874188 135229
986042 74482
193563 446437
695790 972832
445275 209282
402999 445322
901366 411483
548141 603800
826609 960966
815066 300193
348342 136356
559248 76119
516817 723252
49319 972200
680594 501249
856836 59680
186197 711934
931154 12308
585468 24355
696009 454095
617402 303846
546498 382336
534103 947620
357669 912864
619926 862384
317188 409592
45703 422
523702 755174
388044 278091
42991 943387
241506 172831
347575 390614
768091 209778
105320 547450
89457 489084
727271 437353
926703 570774
562165 229464
108185 403043
894396 433989
898353 564736
48428 412292
751854 87694
507914 97081
350511 52136
169357 144316
25667 171940
344190 4934
765624 443888
593579 165514
571403 73871
933003 785856
743365 103769
905689 368883
695106 183590
480719 711311
842227 321861
607889 570185
527488 943486
393836 834774
32285 840152
290065 126720
37297 694719
164283 739328
142732 320602
865161 583686
882792 968014
101417 519090
556738 766629
852656 754110
619088 796877
143448 737271
597396 615151
881309 449039
448980 22202
829306 620655
867842 874142
945490 950049
343049 81494
528807 678585
921426 716038
131512 816491
847396 25411
242960 577664
351278 57018
30177 211585
781834 495003
38570 746902
784243 168491
762688 418662
129806 57047
738213 163671
657169 809097
665179 537792
341456 341198
178925 193606
859536 628083
876955 586605
173701 327368
761343 179786
339305 746745
222979 165544
626026 71466
221500 518772
1417 590910
613426 490224
975262 858979
864517 810625
881269 443932
705763 292530
235928 114527
492810 191950
989504 657016
335068 30921
750449 428131
100872 400066
257367 619763
776013 636226
350158 101739
4473 503630
149180 435180
639832 752441
140565 479001
275823 925142
455986 751542
448817 862401
967996 928160
134742 344785
306333 636910
247972 452460
964341 349849
56037 599268
386917 209288
527581 907869
678288 567070
587269 191796
406070 36229
518796 390380
58868 329541
770047 402417
605482 727509
980466 610888
916750 748869
458690 160919
868312 392685
122587 384131
83986 642722
846217 905027
95064 103771
28237 140842
655317 593052
560247 903963
526224 419041
993366 873747
207130 99618
25268 818489
632475 928656
332116 181530
244848 229262
217651 188491
132525 154910
434165 744371
868366 910766
292856 479030
714299 202944
789239 858259
746689 330339
529073 279975
324047 668460
111367 718085
492702 273612
522381 448181
119813 716092
349468 472726
169065 449898
600593 116629
634794 692350
758679 284282
602784 785172
224790 978865
267652 747882
95112 121025
736510 889291
739893 965636
705141 687219
220422 615330
754992 718898
785212 19589
976832 54408
435350 560478
838589 750633
709 754026
152959 367356
669149 17703
10344 434242
513920 463843
150889 892599
412235 577341
555924 438728
239729 31737
212853 359134
881535 63006
42512 297477
40336 828412
293816 416410
154573 924011
85915 384909
629836 423333
627782 917140
729488 98713
516621 902945
461263 804870
426759 299285
43692 381251
274422 292447
242119 135638
784698 27178
684868 683346
382329 707576
258437 688179
282803 128067
518188 39588
307230 94543
993941 876559
145284 674579
811204 644663
780353 650308
643381 831035
946627 530235
385073 935859
207193 827667
230374 927208
217455 358328
66005 999494
63643 842118
244570 403855
406724 508235
250121 109710
878125 894482
759622 842198
228839 774696
351838 482407
576179 267103
341294 506924
559298 496599
480147 497604
415782 592112
507793 736689
869919 780643
353098 554517
417110 457036
622251 682398
282409 742169
809570 749312
117885 607569
738297 772763
935649 503016
98310 806693
861321 186063
729374 741617
911867 974044
78522 288991
505178 651670
16179 776144
144578 296154
912638 824274
235461 495438
473433 266086
726323 510324
371856 166684
373194 108588
683468 165674
811420 984880
60479 810887
665805 507393
745020 640794
873353 927441
6584 319338
64026 122355
884960 684946
243104 778001
241287 472276
247149 948634
204000 759796
354841 497493
285044 520478
205782 747728
875895 866748
937772 625815
829862 899104
91869 407927
949813 325983
807171 511648
133329 324478
2287 580821
141850 474861
961249 872894
465465 140543
967636 345476
448297 531117
307855 249872
946421 748927
311118 635411
188828 247500
391036 900352
236730 428373
183879 700786
53976 342863
408389 514476
920204 601726
501659 512523
39360 244227
2674 686158
39525 787265
783267 499221
134941 911827
615162 592374
579780 28967
75196 348523
253907 517748
294298 698189
630249 480176
625401 170502
155645 155879
889182 156206
735837 967436
896896 342869
499846 191439
60018 671226
642004 224975
384609 190820
220026 5815
956165 474858
383153 601121
518561 155400
768734 82880
357120 720543
849509 220624
775322 569116
794848 664868
978394 309855
527266 253555
335459 699027
529716 759772
122765 89858
980195 819324
24217 18497
206858 568652
126538 461953
47152 836541
64413 671567
211352 860552
251599 992972
690208 38558
581983 284068
522928 105122
2308 426864
756 937557
161094 84276
19916 710480
646083 387149
142888 240982
396883 750246
135051 973105
99861 931595
277176 114697
143070 433321
893990 840679
994124 894322
535670 56344
919011 20886
633139 34059
809242 481364
250667 113000
852082 421519
581888 31094
1899 864368
329489 879849
6575 226569
850182 31959
226888 625228
126766 812585
280315 346050
3271 280812
325281 445132
306475 436113
645060 400670
919932 766833
165869 149641
691527 841903
732279 692757
953358 261560
510920 808066
708184 665601
959904 321599
226422 412892
959109 128707
914357 192227
637621 165601
709712 407555
314923 795246
322257 802359
208951 188876
910588 424102
529066 791865
807272 982313
282280 512355
651766 337385
405795 993311
619778 505906
747443 984558
762087 570704
652792 534019
903201 615316
338474 6893
579745 249082
947133 628249
513260 24251
87252 17132
433601 347785
965972 860451
538377 809193
362686 36687
165746 763545
450880 599825
853992 893707
182854 340351
264986 416843
244993 563877
979862 294687
50227 698972
807007 427049
884489 520172
681997 939481
908186 513712
955522 195239
206844 73554
520212 883669
794370 782194
854580 33658
77691 160258
697727 758443
386699 969782
697943 832258
510948 327018
477520 171490
791637 132160
908283 323158
386006 943303
167798 854673
918065 88865
900077 445694
772447 539754
6537 478694
776951 956630
774291 302352
277980 656486
73072 407797
571576 175872
226877 860213
992350 860924
461070 885289
983551 44139
532147 382434
926149 79250
134335 685405
343515 906823
476363 173460
23744 518146
51743 979495
92455 127642
890762 243885
686059 253086
181987 556724
27333 380981
596854 688306
460563 104501
256323 911939
645851 320109
415838 608010
235696 37121
392391 121498
618649 751530
576966 941000
111097 942316
893038 496715
447606 613872
699190 922533
914700 9178
563192 559298
325937 654540
824838 569073
981339 801163
438387 859724
542414 999647
624546 413619
320298 453097
791467 896085
174258 879599
253470 455631
533258 207312
505618 875889
803080 740100
361863 705392
368938 425492
165721 170014
782970 715035
715449 849414
274103 493293
681756 739169
438596 831685
37705 399034
462404 392016
817325 262052
28226 12361
477715 362725
371382 822601
992636 877622
565476 265059
333051 578756
827564 436318
155372 93888
414388 591629
845352 915184
223815 694014
886088 632419
376280 839475
496132 497342
448641 712013
403616 195857
791003 517729
205928 31745
936527 360600
23680 510242
333060 506815
938091 144470
86894 98061
840627 281461
470313 434751
462829 289100
547285 935738
98605 973763
110194 981881
155484 60008
931077 206988
90588 353395
729526 539599
76219 885030
434263 722835
96927 736099
405029 390344
313351 199205
121299 65290
374640 94714
535253 66908
603224 796498
797104 389014
434731 915158
198365 829204
140178 90300
674677 473636
74964 910500
525619 991424
477515 7548
472466 385108
193470 548042
828908 583336
47162 236414
743658 200510
581820 577446
641395 58486
782946 937263
197181 676172
718640 873589
722331 867082
439428 767213
498809 599355
192572 577357
843853 199829
941192 914925
319736 31020
567736 968592
771259 410511
993047 235097
451154 264101
64865 445003
620837 400729
698904 851744
328245 423528
406558 67727
407553 166735
500864 6456
786030 243985
681881 412409
140420 124503
376621 351201
334279 696933
185907 653991
766083 217765
106031 850820
422270 567044
49907 499079
987337 786399
573169 415559
81044 10618
419603 133343
890548 68463
505124 822390
402030 722846
839957 891170
447278 441946
703273 121163
406807 564455
932198 786940
26524 550221
380197 134750
706943 284130
304752 66816
143178 245041
543420 621537
644651 851683
213850 283610
809077 433628
888499 673917
459321 618735
142372 445351
65961 377583
993074 562050
832333 149274
740316 657964
755 122344
728336 377544
823174 803344
240181 139165
700634 270862
218097 162926
377196 970899
911307 805903
220223 666109
800080 234421
997166 1788
939358 382675
160687 574024
476819 132269
555309 757800
576332 495491
514229 261774
957811 668965
996137 584359
634483 594347
487482 562573
973810 966477
768263 611899
26033 415504
556812 190268
768932 624203
468729 485843
179085 93416
564779 909097
564487 478007
662330 591089
798841 791299
121607 77831
694730 341193
715687 429510
266766 342984
461306 699983
884451 601766
371784 605491
879572 473566
626651 977828
53409 92892
944045 349237
736655 299664
216792 770591
363613 551771
125800 399135
217646 837125
599167 556735
719487 152671
10266 56752
21536 827262
258674 549908
685847 87848
378515 285504
172693 998810
549960 765810
884260 155270
203180 917748
496973 340324
655751 658098
428323 67313
280239 240786
38241 965469
955688 150057
120982 297827
100726 627293
760293 504839
350518 767875
657627 501193
403124 118312
819991 489126
968491 647585
564043 762910
143960 253407
542934 841258
623758 480702
228272 310594
972137 244711
984883 491528
896311 398725
405830 792138
353598 756717
333303 85395
743214 558929
488144 350580
498277 470729
965624 912932
316693 53592
249558 39572
180973 135285
679795 520903
29048 217756
815780 609327
483532 925859
818429 148208
141447 506743
968254 871076
851996 912025
506170 598411
32307 713433
341056 306642
2186 187876
928805 594651
970773 467576
407529 306804
640730 434611
63627 910719
582621 439677
973606 216040
351436 955596
765943 206621
706897 960776
928673 718380
625677 588018
858425 944562
916145 484402
683581 46311
613394 496767
938337 614222
874617 465175
329934 816417
306854 672200
909902 964015
88087 794151
427974 722328
859743 710184
249262 563770
387213 636189
956902 260670
544988 157521
944338 632641
613474 714411
635746 121698
546751 131740
402221 915992
839728 732202
235333 414433
558602 90752
291964 816651
668801 144
433240 606417
898406 591749
276303 619778
644265 898122
485539 156318
682330 295356
309280 216292
432812 739777
891268 327884
5354 136809
883947 214270
969488 313528
874968 950993
504764 183727
193907 721720
676824 134728
420306 491641
525864 561205
621157 611418
833993 634692
990287 964368
454984 856794
294773 627271
544266 383407
416639 240700
247437 974120
496826 620117
483472 472175
358132 399770
188144 100958
67602 339113
521893 96063
409181 434000
440121 625760
171474 941948
693693 85175
406002 439355
17056 140930
918614 361428
609759 226668
119096 564284
439877 867900
203224 133323
920275 159379
134375 654317
745938 969708
280017 613907
973820 892251
438460 214488
19431 820191
164942 992227
355800 518691
699434 34353
163160 341710
689698 127897
457877 998159
115527 247021
937143 158069
97053 526816
476902 571986
129698 349005
568270 364225
127947 714721
309597 574528
204809 731798
381652 688002
395513 652790
260140 136867
617204 331922
476763 647658
813845 979198
510988 293796
769055 637607
810786 163403
214236 164257
845611 423594
70599 362802
106131 713761
519711 310519
280400 897847
727718 906687
193964 107515
102361 221964
827032 812722
674382 325776
681618 509031
667042 752879
611047 194502
102920 311880
210551 783912
841886 157493
890643 340693
460489 348319
714781 745726
685806 106176
327945 608646
721241 517730
579119 74666
837603 69813
840696 195571
756605 138477
527295 42900
157705 876468
228720 471092
970788 46191
167363 841003
349090 316150
288651 137353
485932 409479
221461 648856
627282 900873
377598 98639
658933 798683
958157 434208
676830 602515
777706 751459
103576 351509
576032 65490
128464 976041
621491 690566
170072 149298
817089 908428
82032 761552
376568 370495
369720 647096
418480 762288
118856 601293
85211 113524
960805 350548
16654 263790
695329 138347
428681 677808
56529 738494
715243 949342
397961 686595
489597 574037
257089 362486
530647 471675
784661 972017
399979 489167
492120 829002
581327 221147
722067 389923
570844 657725
498819 94530
782768 737407
439164 967331
226261 846343
1428 514407
102427 436121
527226 742073
982817 364269
130921 141823
488146 809038
711746 941863
228877 962374
928122 419084
100499 861841
653338 607694
360640 491605
79846 280845
645098 888046
810366 158536
897951 473944
755428 933354
55465 580865
710918 472654
173333 467174
859218 797011
208474 347802
114793 757383
875853 537577
760401 927095
334853 346075
265553 445197
165580 281784
349230 316458
62764 453639
110390 654862
207707 168416
438217 524508
984047 596286
944386 602219
642356 266750
784443 250255
15072 929587
968931 148556
960090 260597
97155 488954
8039 495970
328134 689186
557084 219195
617970 696867
794926 525335
814523 400697
185735 548726
509574 599172
406576 999652
477650 249900
974358 402471
846382 686314
789139 617509
615518 899133
513179 253325
651856 672981
711536 997432
24802 893021
548045 578063
667420 165733
648255 273986
502058 604440
896051 554450
984520 64120
497917 102560
692952 811047
533190 5621
761595 233522
778941 158765
120043 922144
976676 881848
754110 569731
680633 709338
922929 877106
49796 362450
120737 904695
285253 511949
505605 261342
316085 295768
467860 212307
165156 569308
732778 153409
939693 952883
826941 206018
775177 738852
727398 400990
524403 969356
669464 746284
440276 407128
342808 817737
939672 804438
280775 953423
462664 691075
792467 466947
688027 636227
38092 130552
702938 980257
36875 465534
398669 735712
942365 942724
902725 143652
454247 242327
350856 124476
689696 496665
123703 859132
152676 438998
483202 395720
447951 877512
122651 261142
516193 443995
67641 919986
218131 370236
448903 128540
168951 468373
977790 952750
531619 322386
180984 332858
524959 34617
138270 666642
625793 164156
388664 876186
434478 176395
526814 348493
29212 56363
974253 535360
331168 163610
679260 245789
45268 748306
197260 241476
364790 455610
710099 776179
135848 309334
74699 701853
968298 553617
277357 177006
790357 660002
744121 347937
671117 278921
447156 230889
856294 169918
76580 400997
842706 902281
155634 476255
236836 6658
390688 35993
349916 261872
800164 754054
23306 19681
799842 774330
561393 735023
648735 690552
561653 123247
132475 72904
727419 508068
369006 944944
331874 969151
329022 274507
428796 763499
953503 19996
98863 56371
986088 116472
448175 891850
969214 133466
174372 713366
204851 181233
564085 766212
317343 239978
818717 267259
78627 674569
340735 81375
986777 61727
136662 377968
565009 667394
477740 537489
78433 434555
251036 905272
979146 593161
154876 334709
91045 576822
682323 524960
631207 849644
968547 861203
32156 22759
345122 61407
777155 917118
838665 926162
340414 60803
166034 491548
613302 740741
123011 791733
788697 157731
903726 861268
730842 95933
139219 829413
776502 504692
876236 83540
639527 647806
885410 522544
297195 852761
518588 327989
606311 784767
584193 973713
209926 419387
809829 900497
408183 991009
496094 862736
217119 849820
617830 929501
676760 900854
733201 775329
849787 769289
221944 619274
84958 344053
732120 798093
397889 279996
768540 100003
16984 875900
372323 578398
157566 852565
271737 767985
754978 729961
434785 492568
633452 943576
375104 136805
518564 476802
329837 171053
497042 186499
658428 982036
521770 517255
484894 920490
511010 576065
813355 914384
304347 705859
436809 320929
105756 615772
36605 304111
271928 337833
837919 761785
576850 682051
4393 960778
73846 343199
111392 887565
929290 556179
421639 71095
591640 667504
586254 961854
171782 650182
271669 822618
597865 825266
639761 628038
841844 635764
299275 88460
923831 33910
38662 456790
115229 722197
402772 859897
994454 978549
47070 842086
556871 250335
524725 543068
775036 165826
259746 132407
238071 243038
764444 213182
795378 259980
486670 713570
10932 33115
339995 883183
736288 163285
82724 954578
728913 509254
964332 962150
869249 330184
221158 146707
463111 702712
430160 296070
125854 988216
386874 77219
23777 758050
151438 950042
742718 613282
216253 835393
560119 961147
743467 228394
61081 498163
28567 193454
581467 106245
269575 39129
474613 447501
884032 842608
261259 906015
710517 365697
374189 56599
784491 958885
605752 506318
187172 409639
28865 796488
585515 637994
233908 374814
369353 252413
246556 849738
51963 77039
701971 603923
507371 172888
880500 680317
473638 585695
789624 440623
223993 158276
128091 506778
91558 435106
320809 365793
267020 130974
638071 607981
454360 253750
585075 538651
999857 948236
669133 47056
668105 222369
197876 503989
122174 555065
875865 646317
480735 173242
414290 866142
353882 640331
761 109753
353601 530142
869012 394998
307156 159871
734494 461068
655128 497161
61593 201190
949305 23462
579192 254330
697119 972890
587245 302190
97194 332644
376498 914561
162276 202798
503481 748895
70219 636986
295168 78945
226621 193551
365163 639124
275046 975410
552559 688820
4365 878852
298076 140387
522832 611714
794054 219697
664936 664668
239410 888324
241306 99521
91441 514299
343661 300684
492099 740999
381265 316992
23416 312824
244001 26059
241116 473965
817933 685084
989769 570565
322856 339599
93019 645987
112242 157342
308818 184130
855202 930910
546923 159884
813850 843383
37303 353704
646668 94141
810224 189833
283721 366916
968935 532574
308056 837877
48043 878699
617162 193344
624275 177781
946100 772432
21720 691493
364749 842624
960974 918024
88597 958112
112332 747534
646854 524808
353647 417206
816035 889804
543284 370059
614814 832978
503750 957288
837007 456109
949872 754100
991379 530053
966285 272540
186529 518388
38479 799089
846329 196372
463856 229656
291962 167343
917579 48404
714521 879293
232594 541752
964765 443777
31162 721723
491719 742335
869834 246631
891062 587506
849665 977384
37165 436265
254400 953861
952752 95593
515374 801778
883088 606893
777378 502808
901474 783569
307682 338866
222011 952155
84474 234361
941291 626053
164553 1186
497370 367976
684344 755176
111607 264574
701140 847051
73268 63598
71023 889208
317937 724676
707091 990429
291523 463086
281320 619043
541977 989181
991829 68970
969644 936599
783109 778544
607556 221744
449450 586021
717779 754237
469792 455207
513930 880208
48990 805709
547593 652045
799250 683318
938492 314129
662962 642470
170316 496347
163429 239553
911622 917064
171571 479611
880225 358343
598399 452949
849803 536519
415339 509741
953543 841707
826515 343468
911581 485201
217634 57635
962887 333064
18458 451703
846100 788117
761723 177068
451985 328178
974992 621374
80033 761549
108366 987851
630605 318371
87976 511824
127094 638402
231141 555305
536943 51230
582774 800067
712242 445677
802364 838741
529374 148762
869354 820180
153762 959899
571310 28240
159138 553378
396016 711321
857179 599914
793799 622749
845130 282095
33896 954046
627111 176037
895005 734186
674953 134261
549270 768781
455089 488753
200822 771751
440751 127701
183629 806275
461192 83454
497351 485567
137386 411734
434925 3803
189238 845435
806718 30697
843877 844179
499977 30220
802619 232097
768578 486809
431205 142780
65651 429939
916062 56232
642191 158899
864818 900644
415672 767358
95319 500113
24901 659362
249680 530854
975288 951017
130142 831666
802269 151815
416740 256882
60426 211517
738013 734594
805757 960391
225322 587314
194234 748470
400607 353852
393544 530913
420317 315254
386841 335593
28676 403253
654392 562957
328774 851372
763118 742062
407256 20369
393841 370834
693467 161949
630642 907577
472275 989969
111281 588333
229045 599560
94257 560714
548653 927533
688217 657767
621801 706104
54328 212347
93210 803179
348770 178232
808540 4780
977317 713320
740261 543382
704441 174158
99311 46663
738678 659750
333706 202717
271038 928349
538083 443154
879608 929410
325809 474432
983332 916781
19864 308760
496921 523727
985412 772965
895600 230542
423162 781733
821421 799345
405903 78283
681098 357417
706608 754814
739914 619491
505660 665489
808784 338943
905846 66594
245994 761699
143251 375454
366100 463920
411994 458834
140753 682847
773737 750611
931136 287316
774899 298001
688197 406340
582096 347549
311454 195033
955949 530451
440607 356104
673792 296534
344584 648380
590365 281369
175069 377722
728934 344725
273418 751558
374600 137447
331817 983467
12223 997720
176222 801661
858650 224893
19048 375922
675052 716272
410337 739909
586102 469555
965505 615090
582692 91242
977376 781266
766416 57200
77273 949901
60020 900280
618590 634428
345909 529722
488369 902212
223267 900386
411455 637662
123291 82060
305305 425539
861063 884138
966285 555632
653652 551073
263017 547508
603354 940592
704379 950218
698333 653072
84938 934978
878022 129580
707739 548062
592650 618953
111586 621921
822331 4
953823 461591
949081 541437
416895 464696
882382 741361
408039 855468
162714 568553
186143 814444
377372 618938
532528 564029
510123 356590
9670 685791
2847 903071
850642 211863
583176 520240
473772 908111
789521 20340
546123 489307
744328 520634
911607 617262
801515 898441
982876 758286
568997 36114
361824 371652
110273 247612
244881 510444
167438 776283
947824 309075
61128 820090
350438 4789
893412 541502
186267 275616
240989 710828
145161 317644
75988 216416
416401 331414
599762 506327
107345 698275
550053 133267
887952 868276
25048 819608
42798 704384
162682 793667
186459 429262
85656 125808
787021 963880
775900 582979
934683 7009
227333 661490
133899 35833
373377 719316
191420 26949
699938 666980
885599 312310
291981 970867
882772 151851
10532 504924
754679 867492
602682 994721
85303 124840
147604 985730
150911 631911
849391 810580
870112 259514
981063 852488
55848 255636
353237 439559
44235 85183
901497 737153
635270 320497
856761 691708
679008 433080
47020 819607
272113 246273
965841 755573
766266 245747
739518 178218
208426 643304
278672 441671
204170 149068
65565 176110
461365 32706
796944 100736
219275 492212
352542 507783
318615 730196
82159 268512
520434 600159
974736 44906
642700 191735
637723 682744
156711 67987
875093 549361
603948 797702
473621 982939
736698 434030
20502 688682
5321 989460
830590 867749
44569 848126
477300 727496
574257 779171
832202 179447
697729 274280
839043 605296
524381 882210
512657 910925
547854 428982
347013 626846
314559 934188
300290 293488
581652 21204
209264 771602
120851 606971
535262 277797
382045 735390
772923 688173
662653 255919
684246 300703
49315 720662
617201 889552
158340 674210
743609 183228
607433 714296
945753 4702
241578 292013
407155 194622
212832 314832
255181 605792
753517 760074
970204 674838
400618 711384
499329 857724
262476 692417
638209 327178
693067 871799
273103 37268
157246 349629
111653 315064
803016 989196
562945 596868
646598 494218
99333 460375
206263 798329
114702 366051
277312 19584
497506 331056
242179 189139
728932 475968
552680 986307
563784 441542
935945 975447
328388 6662
232515 277591
67515 422082
958111 785215
385244 526664
610632 789731
952105 784818
132882 190754
895754 942237
129486 466796
266408 273681
777760 182400
478732 284489
245688 347433
430187 135822
602996 830523
596582 255438
538493 123665
603006 666321
121147 890775
286200 790843
797575 300906
594910 746603
634870 884895
378392 540561
940888 920810
140450 761818
915874 334006
117419 754800
926838 719657
816421 715940
882018 364565
564067 6379
477774 681076
80005 786730
304956 433269
23541 183912
919748 187800
453447 122428
58082 610362
126378 636056
176615 594929
819259 922949
5701 164394
538358 596446
284158 420941
63808 982126
236323 331952
22517 317716
402383 150056
855972 615508
901473 200099
890347 421576
637148 718354
805302 932111
302383 552634
71963 784175
844353 533840
920879 267238
68693 743512
816902 690487
45577 382824
690015 759928
290225 721166
776192 397524
757319 694098
642278 100180
253136 335112
122879 193814
593148 708392
935499 991076
803689 696954
229090 744994
389763 277725
283465 709706
440079 410366
323869 330781
854814 79341
111692 610853
40900 93005
887901 63415
516160 690694
590972 809910
259546 337677
514141 98524
859890 594482
396288 402834
28600 740862
172570 912617
211886 265733
99365 355257
119224 569216
823234 708070
656418 175093
850408 920041
53333 104780
609198 444569
626458 167552
137510 464269
679862 535000
239172 831932
166771 535298
628461 252428
544542 439170
956269 747268
157725 64951
26013 628224
146611 306089
769079 224154
105727 538748
253348 114777
471715 905272
390671 179823
340705 89555
622228 102872
217994 244663
382837 189176
956134 850615
589848 874525
892300 479697
592043 941711
129750 741397
765339 707624
279274 386569
95568 530943
412480 622111
426179 537389
522555 162059
831050 256375
380803 297282
431663 792794
901453 690609
421215 183489
219725 296456
995964 943795
62711 726141
623719 991415
151538 127757
227709 961198
686198 444861
804353 220452
120311 559126
300295 713073
772126 569513
286335 474531
234565 649514
549109 147568
627037 623854
280506 66343
898465 489476
382109 238234
392943 149254
200196 474066
402022 854637
719599 415141
939293 303714
4897 443019
860970 35825
710564 666708
401 708715
393469 322753
73424 707558
390005 633253
933615 821340
686431 316040
133668 752878
806619 50156
851408 309013
362035 24903
916356 860978
612868 694307
248849 935674
568161 995942
996166 65477
991002 909235
890972 196882
22958 626078
734183 534472
122322 114275
283648 122836
453355 393765
566561 976412
769732 381730
897382 186647
338884 291234
439255 896093
915164 802605
388816 927140
831547 400790
997052 647782
32835 518728
727763 812929
865457 125820
89160 588940
670370 316694
66771 631128
744833 872655
427051 236415
273710 340432
812606 245305
555227 690053
156435 73680
173781 451518
692130 260683
375153 565534
432417 616906
578258 672788
760581 607888
606179 44430
854857 902530
295753 644483
377028 437753
684966 139861
40679 767266
595243 234413
406709 660817
850666 37727
746244 466292
190090 487543
33365 598827
529067 285431
704144 279087
701246 918978
322942 459013
948175 371360
75269 523210
55005 515954
951645 364777
881983 937051
63682 81722
735507 938773
74560 553561
612210 836533
662123 2090
351291 172096
156165 673175
667906 910354
686432 632090
780579 89464
958662 177844
224180 743667
254631 429493
370566 199162
212360 885611
836422 542096
532020 92547
79163 574685
887713 379563
816738 906885
264599 224047
415609 422824
466266 471494
112680 592756
349769 370900
976426 111937
196072 723708
952317 684613
833585 723783
424916 417211
21047 926470
71310 301379
97291 110207
567973 771580
176632 52487
67627 585412
341577 936282
100595 238040
20676 840843
589343 10936
97666 258673
550056 722808
807778 359377
53099 43267
667208 724715
425197 469804
880778 632519
337156 937940
836825 837971
944116 97106
954147 660578
296185 919493
948220 973498
164086 891685
729266 539408
233102 640233
951946 875975
310948 266243
794588 503658
56005 298744
612810 898855
292007 496235
931607 737303
61945 439107
672507 272955
912674 209143
576387 190707
930856 76426
516168 770330
722168 786125
255206 127482
80004 586536
796085 999661
681873 99264
203271 307822
439763 839157
971708 63603
382808 403739
913916 841380
825405 140803
26296 995789
836206 671715
578815 226725
440629 652957
752296 39997
971840 628249
497974 602302
371391 262977
588756 796528
922163 590462
34026 51339
348090 582550
745971 702835
137955 464061
403717 755797
804762 748480
412128 406411
335433 611645
753319 844320
79417 147222
629142 930282
136579 671110
871593 875415
241888 600023
867026 772104
160648 312748
745794 52508
186286 203380
699249 632549
665128 922641
496987 726319
707344 719156
429864 503735
5577 770516
440797 357021
300520 147964
680557 172755
304556 883412
900534 522737
864207 99282
628699 519649
420193 776655
525125 320323
348780 104822
326875 665735
881302 510927
322776 614416
43324 418409
999782 16138
91770 350142
236113 357528
521068 128382
132823 138604
609600 741491
38067 680847
530396 127442
433244 906302
830848 21455
874416 15258
902005 756507
368120 56615
486691 891205
881026 412428
514171 126894
600791 801582
669496 418865
507435 433192
608737 826682
953966 728611
844276 704399
479541 553932
511794 284107
673803 839297
264207 126841
80358 731434
684338 659335
298098 674109
46514 609437
807374 921655
33181 239711
65042 359208
157647 131123
812270 247248
68105 929946
993291 745572
551633 929336
916482 554752
623846 576316
639744 918839
662431 927720
975490 957297
345178 111218
923510 177157
827912 539604
30750 524669
873053 741884
617259 490069
968873 470705
312732 356504
572462 953313
732957 354448
3469 800078
464279 791020
879432 730473
890516 739481
908549 965862
760321 747789
921634 38720
427266 579906
535136 182811
41288 156862
584986 265187
536081 684358
818188 861869
5014 619099
440811 429428
826306 894561
397526 950519
367117 506842
579794 254270
932570 366401
599987 492911
152034 895882
581404 619014
719102 326200
86320 123042
61146 135603
495138 657988
789565 264969
195124 553969
802276 295403
604827 348244
762351 439732
198394 535114
792759 918142
461090 687748
624160 4416
586664 996250
604470 117028
144095 603938
917742 670815
473695 262857
868029 527759
917603 233113
944149 407801
462020 505069
854036 75862
155485 891583
113185 498940
470084 63819
492339 4695
460246 28710
385149 93935
741666 467935
462272 747312
540073 131958
728771 869505
490080 152377
574534 602313
117021 371826
126200 301378
565018 942650
306811 36924
840931 685314
501007 521794
125062 179246
690579 629034
611246 776474
304434 593429
799857 122260
413603 248790
367722 670484
758808 70144
569505 287524
940049 643685
185212 534777
132133 391985
614289 115285
56962 280856
47977 635884
656939 348622
517308 829363
412090 874426
858840 153470
264061 669890
245517 102166
662314 725809
723305 332732
841310 932482
151225 631005
68870 25009
872118 353401
671166 274276
623479 541455
547450 261758
232067 240252
363028 73220
10213 232793
313479 560735
908526 961682
810188 867274
617799 111832
755887 641319
963445 275688
87448 540757
349387 98121
845904 85178
11695 861958
897945 199035
564105 646716
299254 13135
247713 921591
301828 268867
626058 791424
177259 574228
322509 396200
170739 638511
652359 628449
300616 834406
178091 162963
758655 2227
193654 181563
637395 109158
184290 905595
562783 734458
611671 494937
905615 765119
680287 684942
895753 338596
770119 939140
168683 863708
997424 264980
622635 976981
814574 959978
391762 7446
641740 336921
828176 531503
218071 162250
73075 862933
64447 222358
246754 576095
340895 634446
430722 469671
42102 324975
864712 911710
45784 885129
428147 742420
281718 76799
328686 629123
955413 295794
327076 881977
127565 280206
771169 511353
372838 610901
550527 935899
13194 151453
490464 942449
379532 232282
921152 368701
334519 965405
729188 783053
608100 563240
194484 397994
938162 295305
521405 906172
846289 825960
627962 343104
659085 206942
516429 260249
423858 239479
682263 419421
971416 716025
922751 135675
590776 17538
749308 644548
969242 945632
56804 4278
794529 508482
313779 720113
477209 372504
377760 631465
461711 620539
587290 126550
612025 653498
781116 394165
38420 414613
716404 443272
954563 134085
247122 600369
699083 754219
788843 293424
773095 394708
31985 192502
477247 94667
366891 570346
786496 746456
524521 340664
33818 677739
195477 204016
844780 724110
772569 993189
998390 825775
115443 397766
902875 660443
21188 614948
94977 617985
389902 315058
100000 754047
912295 771156
257790 367720
813993 8798
480939 523870
233449 151886
983242 73048
690151 642862
977453 584816
246791 444191
998973 207359
171010 9628
293719 473790
879841 848195
545394 291086
725270 632352
677462 716933
632783 958972
278110 143267
480365 928137
100825 130040
634156 617397
54499 392253
137193 5965
711863 665497
210431 609385
603069 260743
742987 666650
91722 272118
523279 555123
904694 14468
666257 984976
137457 282091
935567 728915
401247 692873
339458 30357
58860 277642
963347 794151
409744 127933
987121 161702
307930 509178
844159 29369
757555 603901
118517 674426
749837 993207
720582 365518
421827 214641
215175 661854
365421 482549
405294 779124
466666 932371
815807 932725
578421 231474
697609 661986
563600 716959
554871 423610
382168 116002
579329 439967
450896 881373
27069 141673
750808 339197
720245 30649
109283 272558
302165 754250
28814 330599
374644 62975
896899 291158
557260 363293
756364 626665
923569 335809
29018 134002
835559 569840
24699 171877
673834 139586
883024 4618
656779 318392
242139 158536
202802 472734
872094 485193
202278 118959
920108 778542
433748 922826
366390 490366
253585 675931
506635 801007
140091 134790
449446 351054
106123 352809
284358 367844
117090 291283
39196 388730
376270 222040
847286 56401
147790 957770
246504 955047
780806 55897
179196 441314
649165 110548
206103 858801
653019 653944
946008 317678
58064 868550
364851 996079
982134 452514
518331 151833
608523 899309
685149 63328
85016 156228
260821 728560
725440 697348
313821 85024
539455 471762
841693 804840
199446 844040
503984 973376
980887 657771
933761 275696
234272 833169
928033 657976
71266 954551
693596 57082
388713 453038
272303 851578
517487 942785
461522 308884
158389 681513
335759 820684
74118 53580
527045 884650
670597 590510
544239 791371
878640 106410
571050 452619
166996 397279
66549 641801
554407 346390
223393 427471
906153 156511
635637 971102
470418 368539
909016 583487
846287 878654
664007 477870
817160 964594
304087 596042
776762 989358
986681 367729
247805 754690
480606 961483
221392 174795
150445 983786
351446 992905
289876 968028
435862 159418
549387 344080
899169 396666
356713 575927
97272 127158
26107 353367
903779 108640
711218 258817
655241 856113
426503 780908
30367 800184
959186 481876
784171 839471
953608 233870
35688 294375
665973 98198
231658 694413
349193 553821
531760 517770
266851 892172
239201 132491
356235 118102
779088 939379
34615 757589
728187 914579
920633 345930
464163 435983
733275 5500
221761 439775
930258 705952
791164 336815
568307 51881
927337 254579
227906 945868
595650 289885
339412 105727
576292 774398
906078 632502
131603 560733
380162 944856
352136 967810
81004 970295
175099 714365
230579 915549
456889 410222
556762 364613
170291 700682
568981 923015
248810 358463
643978 441811
409237 916681
432725 847018
353698 500581
400842 306600
436930 881808
858289 504864
262351 779263
344529 788974
291215 996215
513224 724240
754929 990254
265792 33724
303801 624007
233862 309671
702039 286910
467651 997185
241144 619155
967968 573735
57942 792799
238161 710833
460127 534910
399199 968363
225477 600421
109522 284540
192694 368485
396456 622161
716383 630210
297834 43428
468648 998713
790303 921973
319547 293670
234111 657748
603044 268532
892940 928344
449167 972227
299085 261278
234470 979913
168506 62037
128766 389159
45425 37100
159778 249259
467793 359073
857687 15437
160967 23457
365436 486272
789416 883176
230685 631663
234214 141565
487404 775867
696609 307903
517989 439871
924258 5600
328157 920962
291361 57685
919786 143939
722779 237285
607819 934149
151993 117499
879467 923085
395876 83009
639177 561794
491181 748371
140730 602890
215916 74335
487674 630778
206974 58188
673228 699081
694461 61304
208073 722643
796327 493860
400959 183325
456677 55252
660208 364638
441803 753579
434929 466055
426623 733917
791286 136802
556145 427010
316753 978222
253308 634786
841034 274348
282817 46177
892272 677339
288125 719374
439816 63128
50404 58795
250343 840045
14429 247906
572696 778281
329161 739120
653055 30614
706692 743461
508550 562105
722005 318855
54290 82448
295229 251936
548594 445865
996819 91118
50017 310956
989559 6422
370229 262342
781399 536545
551076 349065
693536 34134
344175 631687
495200 893468
62685 493431
820210 277356
87078 576714
286367 639396
130019 412364
384367 556367
490532 966530
139150 360763
405685 475478
995772 589285
978697 966940
140499 169112
914673 363780
349795 152722
254736 798306
504669 508385
780371 910481
538653 141198
637218 112418
721852 949762
490355 429829
230437 475174
868818 389327
977690 570272
643563 211550
254475 419792
517004 293271
689080 461205
436583 149816
396125 919262
736386 193497
34866 194159
181797 647694
776976 530959
108726 357214
728658 394543
72379 70481
181649 646792
319305 755666
367249 44458
79723 972825
168968 972174
257108 789838
232503 429436
994572 688174
771572 271870
524176 814074
160570 540468
392814 293688
976634 806980
346371 430306
371400 719587
551403 860070
689658 65607
840471 389573
550918 884875
483289 754042
215412 721129
182565 54271
595301 801890
591079 412802
338522 399002
873982 851844
47152 126512
708232 377915
172864 236163
446040 464191
533843 69907
567698 236190
207840 590351
695237 366714
741998 179410
523764 120684
652685 445010
405625 89226
762015 201202
169468 722966
516664 463431
693221 60066
796574 397449
87584 643724
226136 66333
617534 704097
845263 713124
878818 871518
767980 921181
176799 480210
555182 564765
638702 12604
982984 853070
664352 171651
91911 930402
501698 142897
370055 249706
718693 638363
624410 891006
98968 398377
181040 584302
203672 993989
157214 702400
467901 585858
366556 225380
751363 380782
42613 134442
762926 593006
943776 459119
632514 324391
333168 336868
308117 616191
644511 268210
948525 989462
484058 657865
946730 624467
312046 932822
519382 341530
179751 328887
839952 817249
924159 541796
669645 670712
695817 775489
886892 980306
753979 477441
932247 823981
337036 801214
466069 150549
438154 596423
666872 690261
352303 893842
729810 815980
703673 90842
48099 176753
318525 392809
619821 446516
4651 414129
186268 136422
549972 459100
478259 673972
496743 908410
414033 981063
536619 781812
116699 432512
713758 912268
997988 225887
466525 534539
45379 113245
533098 378910
525910 778893
155007 10445
866612 948985
891371 770656
694808 753370
92734 433812
612425 709019
341933 883761
651565 273005
269772 922301
170451 599669
330780 384578
670370 732753
858133 749258
708891 143144
115808 366412
188684 156192
662022 553623
47959 553833
732602 493073
303165 548807
201819 475549
218915 347280
758159 820437
741211 780355
329399 656619
5052 453365
265065 232206
790978 396898
345375 558464
867754 126704
50525 277434
251277 443798
610535 85728
519979 701420
738324 632887
288743 493575
39378 19153
566825 535723
915787 938200
316534 224033
107370 852851
156365 275276
984702 551474
26994 173941
949282 225671
663315 592270
829329 117118
974461 639718
834131 818339
282942 750293
914857 410170
991679 842173
850030 648255
443555 996064
838743 733717
223912 587784
858168 160816
665393 389464
704383 685330
885935 265687
914841 566115
909310 435374
8995 181499
955590 764543
961087 444938
224313 590045
209433 879748
723138 186841
865397 623324
298082 695370
564296 160805
514002 866303
340211 384909
570292 555245
905205 840379
616805 358908
482584 491457
604176 527370
793496 626924
275088 96287
389561 602419
879508 326066
421797 673816
109130 42155
771557 706818
28389 154351
826821 246896
529748 867414
854668 271023
285881 379030
554231 293170
845995 979724
144867 295156
259581 252282
642993 747968
28620 429200
498930 51136
305620 311202
529146 141798
182194 601625
773628 149524
558628 514829
492797 845185
468526 670910
513635 917953
351215 898314
932597 464077
458357 238747
630878 384669
944338 128895
570971 80007
5199 677096
459771 365100
909777 496714
53093 730229
756634 974248
53490 187708
348221 296828
261880 733546
766931 308610
787324 31465
983569 239715
438943 687353
407931 987385
287813 128258
504522 805921
697339 573611
465088 766725
960076 580259
245456 514648
311081 82296
474004 95490
597471 189150
658118 241119
44911 801744
806233 293570
591023 311553
681448 949002
779521 806301
831901 737945
760600 670177
742617 4724
681595 223495
514672 104779
574340 138710
46548 84911
897913 759104
272721 293208
819969 388932
594842 339190
383041 188485
705906 322019
80522 3026
767945 868860
349134 60135
27893 667157
396764 257519
624031 331419
774983 489959
378768 138468
792675 17989
897371 801440
575542 914406
410505 340662
339928 322631
990901 629064
651729 549965
346752 781339
769720 783546
348622 536320
917931 791578
597415 271424
204383 4324
362444 626691
867890 750817
8121 798047
628040 599490
273023 486092
224659 384683
388448 696973
375830 79601
799938 68622
586122 231890
457629 184851
966022 129756
344966 911929
210149 643535
536760 959356
163882 843632
650986 711212
287586 696965
643645 467818
285590 100395
763626 939174
144669 533892
350622 590432
567421 184440
422815 271093
406469 187505
736106 494244
488948 154480
100699 571310
941342 246803
153922 244105
270464 521709
256807 73721
278113 904024
410406 147210
966324 461457
618249 349284
585912 145017
940618 260808
301948 617954
905754 600690
167784 967319
117258 772511
966639 868530
165333 113042
479103 375649
79538 823186
724757 617898
776005 42504
41090 299849
348020 368436
701752 439801
500181 892888
107184 97177
655038 231578
907948 392698
741349 310635
553756 61253
514408 982127
88649 111149
260213 593681
859781 204741
501160 729315
198982 772847
239001 354890
884644 835027
189587 607678
838251 937246
371966 90174
81756 170335
198178 32028
211050 242501
508022 101816
782789 505728
191309 632571
689628 66212
559762 600470
878298 525833
795157 436205
93063 457463
76114 919370
177798 60579
496901 40015
157315 611675
242237 554468
461669 200483
535884 526355
548601 552048
81244 75913
282051 665574
492655 69854
146883 91966
926623 81762
231531 895270
914676 587014
285859 603412
333677 931091
226769 825529
657552 511966
745141 762322
974526 413053
28978 436301
154673 775917
161523 981347
319903 446478
800760 895463
568372 5190
477255 403941
125504 227050
286088 454597
282276 214649
985330 25436
998807 706590
666170 857677
595779 475395
804448 268936
678242 944987
147005 661303
962989 757105
856763 1637
460354 96985
295768 794973
980796 941802
24138 622236
945407 276574
362242 933254
499194 813841
553531 686448
661267 894789
534376 233468
223905 179031
577071 32728
21056 837341
398109 847680
957864 549325
822709 455677
632339 414480
702236 230876
218553 715255
692221 414315
981853 503513
666304 529329
82669 967520
375372 151195
374580 703633
111793 187957
608360 517671
459796 992838
668824 970358
369150 911052
608357 939159
633818 764308
714782 906510
638708 531416
323338 747849
778480 231004
564769 962765
70979 209255
300698 80421
588686 472281
32488 789656
167637 103182
733783 44686
137138 374786
615595 916463
688196 945003
400419 32621
892905 906855
452226 698033
462518 881380
863793 217943
781661 603372
30460 776483
618551 876241
153943 602530
637293 54442
145612 582884
187741 801374
349004 179027
469119 951744
85320 734209
304152 130541
687821 790313
120380 267672
28478 525567
175967 385435
865126 743691
664110 138066
386537 822416
665176 136011
94967 892206
291444 316231
467308 321379
242592 2300
274963 745431
592023 706467
260128 894465
930159 733297
153308 726023
811099 662784
823874 796005
18743 392763
368822 803576
379826 842374
466402 919657
415708 806389
910141 104505
996219 610267
52323 740123
921601 204490
732402 129728
28318 636982
632695 951812
992361 473021
289365 841996
947106 179647
306681 840969
391235 207850
956022 95842
33343 89032
813292 463809
618552 887955
27050 103386
914984 179765
967514 41334
191433 203142
255805 465104
739809 337639
687809 913560
342774 527729
456257 664504
928397 828949
888558 962220
157253 221076
453645 120937
725270 306845
723978 86838
596009 99356
155452 736969
753051 672551
497668 788312
133463 377460
596749 649006
451870 659120
594771 572258
172747 305298
992213 73853
255825 412197
249428 219617
287071 8960
435914 623433
826071 189647
952367 232782
924138 364256
797317 321851
967518 390413
517386 165550
186160 839929
717935 804484
557712 244575
951299 215529
782974 6891
868212 47678
719193 535739
855658 120883
181613 700618
151023 76979
295062 560623
745394 648837
605324 259612
236235 393174
184696 426704
436536 253380
46075 980499
756055 537291
468640 793876
572919 467530
214063 352546
365302 11731
604128 863003
998414 61875
267215 459554
419064 232231
742187 778124
839316 282195
854486 587390
792507 865250
23629 93202
587395 352205
885147 956028
746548 499824
934414 82620
656214 725154
217944 701638
396172 921008
396845 144431
530503 69101
829169 161154
123639 633427
406116 843159
299389 872953
776889 607960
236510 110936
96966 476278
957615 415050
961496 595365
868193 119402
175064 971567
198976 349635
834906 401560
728854 890800
298115 869167
113773 713667
283426 834156
298975 357570
610751 647816
127001 878243
832098 161996
71991 618721
201997 491158
937645 460326
257610 101256
30223 337856
104968 150874
970430 169914
618275 398490
849593 347639
599753 835633
881933 500388
47833 486359
505031 919177
995539 110791
226181 890779
991832 824626
254722 224836
664673 176934
503195 43048
467518 747814
97098 545055
994651 495858
437676 641710
947428 748104
953282 441383
758628 24086
811375 834343
615891 873766
423167 515370
348636 976041
635476 751818
194282 811719
927548 104199
898197 660806
937466 912833
731871 65881
489848 375898
653379 640109
368609 394017
594491 438624
56961 376356
654854 545993
